not_code = [ "011110,000011,1,011,11,01"
, "0010,010,1,101"
, "00110,1101010,0001111,1100,01000,0"
, "11,100011,0,1110,0,11,100,1111,1,10"
, "101001,1101100,000,1,1110111,11,11,1"
, "100,100011,01001,10001,1,0"
, "0,1001,11001,001,11,01,0111100,00100,00100,00010"
, "00,00011,011,110011,0101,1000,010111,100,0100,01"
, "10110,10,110,1100001,0101,00,01,0111,110110"
, "1010100,110010,0100011,1010,1,01,0000,0010,110,0010"
, "01001,000,00,0010100,10110,101,001,11001,111111"
, "11,1000111,001,1,100"
, "1110,0,100010,0,101110,000010"
, "0,0001110,011,01000,0110101,0011001,11101"
, "0111,01101,0011001,1100111,011,00111,0101,1100"
, "1001101,0110100,000,0,1111001,0010110,0001"
, "100,01010,1001110,0111,0011110,00000,0"
, "000,10,0,110,000,0100111,110100,1101011,10100,10"
, "1000010,011,1110,110001,011,010010,0110,0,10001"
, "000110,1111100,01101,10110,1100,01,1011,0"
, "1010100,010,010100,01,0,00000,0100110,1,11000,0011"
, "111,1,000"
, "011,1011,0111"
, "011,0110000,00010,110001,0010101,011000,001,1,0,000001"
, "0,1,01011,0,1000,0010"
, "11010,0,1000010,01,1,100010,1000,00"
, "00100,11,11110,1,111100,1010100,1,1111110" ]